500,500,10,400
0,1
0,7
0,13
0,19
0,25
0,31
0,37
0,43
1,2
1,8
1,14
1,20
1,26
1,32
1,38
1,44
2,0
2,1
2,2
2,6
2,7
2,8
2,12
2,13
2,14
2,18
2,19
2,20
2,24
2,25
2,26
2,30
2,31
2,32
2,36
2,37
2,38
2,42
2,43
2,44
5,1
5,7
5,13
5,19
5,25
5,31
5,37
5,43
6,2
6,8
6,14
6,20
6,26
6,32
6,38
6,44
7,0
7,1
7,2
7,6
7,7
7,8
7,12
7,13
7,14
7,18
7,19
7,20
7,24
7,25
7,26
7,30
7,31
7,32
7,36
7,37
7,38
7,42
7,43
7,44
10,1
10,7
10,13
10,19
10,25
10,31
10,37
10,43
11,2
11,8
11,14
11,20
11,26
11,32
11,38
11,44
12,0
12,1
12,2
12,6
12,7
12,8
12,12
12,13
12,14
12,18
12,19
12,20
12,24
12,25
12,26
12,30
12,31
12,32
12,36
12,37
12,38
12,42
12,43
12,44
15,1
15,7
15,13
15,19
15,25
15,31
15,37
15,43
16,2
16,8
16,14
16,20
16,26
16,32
16,38
16,44
17,0
17,1
17,2
17,6
17,7
17,8
17,12
17,13
17,14
17,18
17,19
17,20
17,24
17,25
17,26
17,30
17,31
17,32
17,36
17,37
17,38
17,42
17,43
17,44
20,1
20,7
20,13
20,19
20,25
20,31
20,37
20,43
21,2
21,8
21,14
21,20
21,26
21,32
21,38
21,44
22,0
22,1
22,2
22,6
22,7
22,8
22,12
22,13
22,14
22,18
22,19
22,20
22,24
22,25
22,26
22,30
22,31
22,32
22,36
22,37
22,38
22,42
22,43
22,44
25,1
25,7
25,13
25,19
25,25
25,31
25,37
25,43
26,2
26,8
26,14
26,20
26,26
26,32
26,38
26,44
27,0
27,1
27,2
27,6
27,7
27,8
27,12
27,13
27,14
27,18
27,19
27,20
27,24
27,25
27,26
27,30
27,31
27,32
27,36
27,37
27,38
27,42
27,43
27,44
30,1
30,7
30,13
30,19
30,25
30,31
30,37
30,43
31,2
31,8
31,14
31,20
31,26
31,32
31,38
31,44
32,0
32,1
32,2
32,6
32,7
32,8
32,12
32,13
32,14
32,18
32,19
32,20
32,24
32,25
32,26
32,30
32,31
32,32
32,36
32,37
32,38
32,42
32,43
32,44
35,1
35,7
35,13
35,19
35,25
35,31
35,37
35,43
36,2
36,8
36,14
36,20
36,26
36,32
36,38
36,44
37,0
37,1
37,2
37,6
37,7
37,8
37,12
37,13
37,14
37,18
37,19
37,20
37,24
37,25
37,26
37,30
37,31
37,32
37,36
37,37
37,38
37,42
37,43
37,44
40,1
40,7
40,13
40,19
40,25
40,31
40,37
40,43
41,2
41,8
41,14
41,20
41,26
41,32
41,38
41,44
42,0
42,1
42,2
42,6
42,7
42,8
42,12
42,13
42,14
42,18
42,19
42,20
42,24
42,25
42,26
42,30
42,31
42,32
42,36
42,37
42,38
42,42
42,43
42,44
45,1
45,7
45,13
45,19
45,25
45,31
45,37
45,43
46,2
46,8
46,14
46,20
46,26
46,32
46,38
46,44
47,0
47,1
47,2
47,6
47,7
47,8
47,12
47,13
47,14
47,18
47,19
47,20
47,24
47,25
47,26
47,30
47,31
47,32
47,36
47,37
47,38
47,42
47,43
47,44
